version https://git-lfs.github.com/spec/v1
oid sha256:640cfff3795d700a0551bebcbb7f003bb533ba96b0df66163eee5a30fca935d9
size 503
