version https://git-lfs.github.com/spec/v1
oid sha256:ed19eccee9544ac1848695c3dad8c39b23d7f4a3a7b7c7c0b3acd769edbc9024
size 407
