version https://git-lfs.github.com/spec/v1
oid sha256:d094eea64d300e9d9516d6a5397e73921adb16a3d1e8ff4d40220732a1fd8a01
size 510
