version https://git-lfs.github.com/spec/v1
oid sha256:c43c4cb5f45f69997ed5bd0fa8a3c31ee644c350458bc3d98a71a9169744505a
size 511
