version https://git-lfs.github.com/spec/v1
oid sha256:1af192020179786be374d9b8aa4ed70b981bc897de894f13ce138721018efce4
size 527
