version https://git-lfs.github.com/spec/v1
oid sha256:a2fa17d095999d1d30ed1d1f35570aa2e1d4454e5d947d415ddcd626355d4789
size 405
