version https://git-lfs.github.com/spec/v1
oid sha256:02a4a4654ff8b0b8d4945bc58662bb3d324710a99b547c2553ddbab71bc914b4
size 419
