version https://git-lfs.github.com/spec/v1
oid sha256:eea7ea47b4b18ea75ab512f08d78ad54edbb600fbe01c07a1d55fa5d7b1460f3
size 508
