version https://git-lfs.github.com/spec/v1
oid sha256:923c5acf23072593dba9fd3ca3eb8a7bbdf476975613b1d5ba13289c5748c794
size 515
