version https://git-lfs.github.com/spec/v1
oid sha256:4fb41572184dd6375124d5432adb5c8387eb5d6617cc48beaaa089fe748f0e3f
size 509
