version https://git-lfs.github.com/spec/v1
oid sha256:ebf40b8021b2f55e3b3e58208e81ba9b2b1beea1e0bcbe76e17f0c8a13543b09
size 441
