version https://git-lfs.github.com/spec/v1
oid sha256:5176f679f2a9291301a9f41bf34638c9e51500216d8f284102c3de0412b554d2
size 461
