version https://git-lfs.github.com/spec/v1
oid sha256:df57e25fed1f6a0c22e1762c3a75cbd4e7b747b63468040de95f0e29a3082318
size 474
